3.574978259470356163e+06 -4.211269960694758222e+06 2.513563527813119890e+03 -1.476708805023346562e+14 -1.259036243312525767e+05 3.854224944612670924e+02 1.039224898007459851e+05
-4.211269960694758222e+06 5.043115434771052562e+06 -3.043666505075473196e+03 1.807550213448279688e+14 1.259482781490127381e+05 -4.765201580928607541e+02 -1.267394814102248929e+05
2.513563527813119890e+03 -3.043666505075473196e+03 1.850844661799963653e+00 -1.107312847142263794e+11 -6.535834652262073519e+01 2.939186830072822998e-01 7.746551613539016046e+01
-1.476708805023346562e+14 1.807550213448279688e+14 -1.107312847142263794e+11 6.677489471889198809e+21 3.202909830540750488e+12 -1.785401729288511276e+10 -4.661724520943455078e+12
-1.259036243312525767e+05 1.259482781490127381e+05 -6.535834652262073519e+01 3.202909830540750488e+12 1.195906156279692368e+04 -6.755244683027897601e+00 -2.369874572670867565e+03
3.854224944612670924e+02 -4.765201580928607541e+02 2.939186830072822998e-01 -1.785401729288511276e+10 -6.755244683027897601e+00 4.806127794907721906e-02 1.244153420534602539e+01
1.039224898007459851e+05 -1.267394814102248929e+05 7.746551613539016046e+01 -4.661724520943455078e+12 -2.369874572670867565e+03 1.244153420534602539e+01 3.257099438667285995e+03
