2.259844827355203405e+07 -2.557590944553416595e+07 1.473425952592963222e+04 -8.257393419420302500e+14 -1.289847411621900974e+06 2.056715653623312846e+03 5.851953031996751670e+05 6.438626142964562168e+05 2.491038211408437055e+05 6.121303671476540156e+06
-2.557590944553416595e+07 2.908979187784842029e+07 -1.682613243280435563e+04 9.474400787713008750e+14 1.410344128881444922e+06 -2.371286019918195962e+03 -6.706903786383622792e+05 -7.380220393423896749e+05 -2.859303692935724393e+05 -7.025115916978658177e+06
1.473425952592963222e+04 -1.682613243280435563e+04 9.766142437451145852e+00 -5.521571977282601318e+11 -7.861675940115979984e+02 1.387821165304295778e+00 3.905621361855721148e+02 4.297686009905414153e+02 1.667075552114404786e+02 4.093638091999894186e+03
-8.257393419420302500e+14 9.474400787713008750e+14 -5.521571977282601318e+11 3.138578780516497804e+22 4.211883813816015625e+13 -7.932087939619366455e+10 -2.218003549492412109e+13 -2.440042755165154688e+13 -9.479988790310478516e+12 -2.327009336662217188e+14
-1.289847411621900974e+06 1.410344128881444922e+06 -7.861675940115979984e+02 4.211883813816015625e+13 9.658925033209602407e+04 -9.976639992978923033e+01 -3.005293010843507000e+04 -3.314608776784054498e+04 -1.264609791599363234e+04 -3.131771087999611045e+05
2.056715653623312846e+03 -2.371286019918195962e+03 1.387821165304295778e+00 -7.932087939619366455e+10 -9.976639992978923033e+01 2.016237662431560052e-01 5.600652300367269731e+01 6.159892613310009324e+01 2.397160275803808105e+01 5.879287633254442653e+02
5.851953031996751670e+05 -6.706903786383622792e+05 3.905621361855721148e+02 -2.218003549492412109e+13 -3.005293010843507000e+04 5.600652300367269731e+01 1.567928745659902961e+04 1.724761196747024951e+04 6.699303473504376598e+03 1.644043542913910933e+05
6.438626142964562168e+05 -7.380220393423896749e+05 4.297686009905414153e+02 -2.440042755165154688e+13 -3.314608776784054498e+04 6.159892613310009324e+01 1.724761196747024951e+04 1.897600031746029708e+04 7.370082978784891566e+03 1.808618821408805670e+05
2.491038211408437055e+05 -2.859303692935724393e+05 1.667075552114404786e+02 -9.479988790310478516e+12 -1.264609791599363234e+04 2.397160275803808105e+01 6.699303473504376598e+03 7.370082978784891566e+03 2.863821434655187659e+03 7.026395539174023725e+04
6.121303671476540156e+06 -7.025115916978658177e+06 4.093638091999894186e+03 -2.327009336662217188e+14 -3.131771087999611045e+05 5.879287633254442653e+02 1.644043542913910933e+05 1.808618821408805670e+05 7.026395539174023725e+04 1.727101280476346612e+06
