3.974158034191231854e+04 -5.393270475250841992e+04 3.521107950083005278e+01 -2.251843323754047852e+12 7.386144237315289729e+02 6.338159992193044268e+00 1.546261194549385436e+03
-5.393270475250841992e+04 7.884037676630940405e+04 -5.326877205986056651e+01 3.486597377226015137e+12 -2.188252498694230326e+03 -9.980587819946922679e+00 -2.365548807998354278e+03
3.521107950083005278e+01 -5.326877205986056651e+01 3.652655384612044781e-02 -2.414016788940213680e+09 1.813144961704358460e+00 6.958226225236649291e-03 1.629989022975594448e+00
-2.251843323754047852e+12 3.486597377226015137e+12 -2.414016788940213680e+09 1.605939787440982589e+20 -1.337974486642962799e+11 -4.650896200372598171e+08 -1.081079171887068329e+11
7.386144237315289729e+02 -2.188252498694230326e+03 1.813144961704358460e+00 -1.337974486642962799e+11 2.767977894950195150e+02 4.147102710778181600e-01 8.600055394580566315e+01
6.338159992193044268e+00 -9.980587819946922679e+00 6.958226225236649291e-03 -4.650896200372598171e+08 4.147102710778181600e-01 1.351539833668631650e-03 3.124361718705823687e-01
1.546261194549385436e+03 -2.365548807998354278e+03 1.629989022975594448e+00 -1.081079171887068329e+11 8.600055394580566315e+01 3.124361718705823687e-01 7.289582271131776281e+01
